function out1 = N2is(N,g,k,z1,z2,z1i,z2i)
%N2IS
%    OUT1 = N2IS(N,G,K,Z1,Z2,Z1I,Z2I)

%    This function was generated by the Symbolic Math Toolbox version 8.2.
%    18-Oct-2018 17:18:38

t2 = g.^2;
t3 = t2.^2;
t4 = t3.^2;
t5 = k.^2;
t6 = t4.*6.0;
t7 = z1i-z2i;
t8 = g.*t2.*4.0;
t9 = t2.*t3.*1.0e1;
t10 = g.*t2.*t3.*3.0;
t11 = g.*t4.*4.0;
t12 = g.*t2.*2.0;
t13 = g.*t2.*3.0;
t14 = t3.*9.0;
t15 = t2.*t3.*2.0;
t16 = g.*t2.*t3.*6.0;
t17 = g.*t2.*t4.*5.0;
t18 = t5.^2;
t19 = t2.*1.74e2;
t20 = t3.*1.6e1;
t21 = g.*-7.3e1+t19+t20-g.*t2.*1.29e2+9.0;
t22 = 1.0./t21;
out1 = N./2.3e1+(z1.*(3.0./2.3e1)+z2.*(1.0e1./2.3e1)-z1i.*(3.0./2.3e1)-z2i.*(1.0e1./2.3e1))./k-(t7.*(t3.*-3.2e1-t4.*3.6e1+g.*t2.*1.1e1+g.*t3.*7.0+g.*t4.*4.2e1+g.*t5.*3.3e1+k.*t2.*3.3e1+k.*t3.*8.0+k.*t5.*1.1e1+t2.*t3.*1.0e2-t2.*t5.*3.2e1-g.*k.*t2.*6.4e1+g.*k.*t3.*9.4e1-g.*t2.*t3.*9.6e1+g.*t2.*t5-k.*t2.*t3.*6.7e1))./(t3.*4.6e1+t6.*4.6e1+t16.*4.6e1+t17.*4.6e1+t18.*4.6e1-g.*t3.*4.6e1-g.*t4.*5.06e2-t2.*t3.*2.3e2-t5.*(t2.*-6.0+t13+t14+t15-g.*t3.*4.0).*4.6e1+k.*(t3.*-3.0-t6+t8+t9+t10+t11-g.*t3.*1.2e1).*4.6e1-k.*t5.*(g.*-4.0+t2+t12).*4.6e1)+(t7.*t22.*(g.*-9.0+t2.*2.4e1+t3.*4.0-g.*t2.*2.1e1+1.0).*(1.1e1./2.3e1))./(g+k-t2.*2.0+t12)-(t7.*t22.*(t3.*-2.009e3+t4.*1.7225e4+g.*t2.*2.29e2+g.*t3.*4.701e3+g.*t4.*9.76e3+g.*t5.*6.87e2+k.*t2.*6.87e2+k.*t3.*1.428e4-k.*t4.*5.496e3+k.*t5.*2.29e2+t2.*t3.*1.85e3-t2.*t4.*2.1422e4-t2.*t5.*5.763e3-t3.*t4.*1.1e3-t3.*t5.*8.454e3-g.*k.*t2.*5.895e3-g.*k.*t3.*3.263e3-g.*k.*t4.*2.467e3-g.*k.*t5.*1.877e3-g.*t2.*t3.*1.8946e4+g.*t2.*t4.*9.646e3+g.*t2.*t5.*1.4109e4-g.*t3.*t5.*7.122e3-k.*t2.*t3.*2.6375e4+k.*t2.*t4.*5.12e2+k.*t2.*t5.*4.53e3+k.*t3.*t5.*4.56e2+t2.*t3.*t5.*7.565e3+g.*k.*t2.*t3.*2.8199e4-g.*k.*t2.*t5.*3.429e3-g.*t2.*t3.*t5.*1.072e3))./(t3.*4.6e1+t6.*4.6e1-t16.*4.6e1-t17.*4.6e1+t18.*4.6e1+g.*t3.*4.6e1+g.*t4.*5.06e2-t2.*t3.*2.3e2+k.*(t3.*3.0+t6+t8-t9+t10+t11-g.*t3.*1.2e1).*4.6e1-t5.*(t2.*-6.0-t13+t14+t15+g.*t3.*4.0).*4.6e1+k.*t5.*(g.*4.0+t2-t12).*4.6e1);
